alpha: 0.425 delta: 0.425 beta: 0.425 gamma: 0.425 topk: 0.01
topk: 0.01 recommendataion user: 0.003676470588235294
topk: 0.01 recommendataion tweet: 0.0029834553837808516
spearmanr user corr and p: (-0.310682596053888, 0.0)
spearmanr tweet corr and p: (-0.013273961783502146, 7.543604791270451e-16)

