alpha: 0.425 delta: 0.425 beta: 0.425 gamma: 0.425 topk: 0.01
topk: 0.01 recommendataion user: 0.0040650406504065045
topk: 0.01 recommendataion tweet: 0.015526443474041727
spearmanr user corr and p: (-0.15658774355688998, 4.4691629168595337e-268)
spearmanr tweet corr and p: (0.26696780443366563, 0.0)

