alpha: 0.425 delta: 0.425 beta: 0.425 gamma: 0.425 topk: 0.01
topk: 0.01 recommendataion user: 0.0
topk: 0.01 recommendataion tweet: 0.0
spearmanr user corr and p: (-0.23062391064631135, 0.0)
spearmanr tweet corr and p: (-0.28519874981537235, 0.0)

