alpha: 0.425 delta: 0.425 beta: 0.425 gamma: 0.425 topk: 0.01
topk: 0.01 recommendataion user: 0.0080545229244114
topk: 0.01 recommendataion tweet: 0.003188297074268567
spearmanr user corr and p: (-0.17311396724055186, 0.0)
spearmanr tweet corr and p: (0.07845861845191217, 0.0)

