alpha: 0.425 delta: 0.425 beta: 0.425 gamma: 0.425 topk: 0.01
topk: 0.01 recommendataion user: 0.579245503387059
topk: 0.01 recommendataion tweet: 0.00232910213112845
spearmanr user corr and p: (0.26647480801518986, 0.0)
spearmanr tweet corr and p: (-0.17048067044604298, 0.0)

