alpha: 0.425 delta: 0.425 beta: 0.425 gamma: 0.425 topk: 0.01
topk: 0.01 recommendataion user: 0.0012391573729863693
topk: 0.01 recommendataion tweet: 0.3237059264816204
spearmanr user corr and p: (0.054711323746272855, 3.0777637357957974e-107)
spearmanr tweet corr and p: (0.1657534645870145, 0.0)

