alpha: 0.425 delta: 0.425 beta: 0.425 gamma: 0.425 topk: 0.01
topk: 0.01 recommendataion user: 0.0196078431372549
topk: 0.01 recommendataion tweet: 0.49850827230810957
spearmanr user corr and p: (0.015338369314560871, 5.722457314352606e-10)
spearmanr tweet corr and p: (0.111797135586915, 0.0)

