alpha: 0.425 delta: 0.425 beta: 0.425 gamma: 0.425 topk: 0.01
topk: 0.01 recommendataion user: 0.016260162601626018
topk: 0.01 recommendataion tweet: 0.061984473556525956
spearmanr user corr and p: (0.03168307904902301, 1.981178308386397e-12)
spearmanr tweet corr and p: (0.27766414737305756, 0.0)

