alpha: 0.425 delta: 0.425 beta: 0.425 gamma: 0.425 topk: 0.01
topk: 0.01 recommendataion user: 0.5893482831114225
topk: 0.01 recommendataion tweet: 0.0024455572376848723
spearmanr user corr and p: (0.2947045414448191, 0.0)
spearmanr tweet corr and p: (-0.1258624791465378, 0.0)

