alpha: 0.425 delta: 0.425 beta: 0.425 gamma: 0.425 topk: 0.01
topk: 0.01 recommendataion user: 0.01845018450184502
topk: 0.01 recommendataion tweet: 0.013058419243986255
spearmanr user corr and p: (0.11781527482115553, 5.480664542868128e-167)
spearmanr tweet corr and p: (0.03302155496833156, 2.0906492918821564e-36)

