alpha: 0.425 delta: 0.425 beta: 0.425 gamma: 0.425 topk: 0.01
topk: 0.01 recommendataion user: 0.0006195786864931846
topk: 0.01 recommendataion tweet: 0.36271567891972994
spearmanr user corr and p: (0.0873972742338158, 4.1077782413882054e-271)
spearmanr tweet corr and p: (0.17601344567763869, 0.0)

