alpha: 0.425 delta: 0.425 beta: 0.425 gamma: 0.425 topk: 0.01
topk: 0.01 recommendataion user: 0.02032520325203252
topk: 0.01 recommendataion tweet: 0.0
spearmanr user corr and p: (0.15604113794123814, 3.3617332074043715e-266)
spearmanr tweet corr and p: (-0.1519288174926005, 0.0)

