alpha: 0.425 delta: 0.425 beta: 0.425 gamma: 0.425 topk: 0.01
topk: 0.01 recommendataion user: 0.6233356692361598
topk: 0.01 recommendataion tweet: 0.013392337253988588
spearmanr user corr and p: (0.48238647569914495, 0.0)
spearmanr tweet corr and p: (0.1942280703068154, 0.0)

