alpha: 0.425 delta: 0.425 beta: 0.425 gamma: 0.425 topk: 0.01
topk: 0.01 recommendataion user: 0.0024783147459727386
topk: 0.01 recommendataion tweet: 0.26406601650412603
spearmanr user corr and p: (0.1852802900214554, 0.0)
spearmanr tweet corr and p: (0.06946438109250903, 0.0)

