alpha: 0.425 delta: 0.425 beta: 0.425 gamma: 0.425 topk: 0.01
topk: 0.01 recommendataion user: 0.45571955719557194
topk: 0.01 recommendataion tweet: 0.009621993127147767
spearmanr user corr and p: (0.7627393242933027, 0.0)
spearmanr tweet corr and p: (0.14754245700782176, 0.0)

