alpha: 0.425 delta: 0.425 beta: 0.425 gamma: 0.425 topk: 0.01
topk: 0.01 recommendataion user: 0.42340686274509803
topk: 0.01 recommendataion tweet: 0.025223759153783564
spearmanr user corr and p: (0.6957165996525958, 0.0)
spearmanr tweet corr and p: (0.1575465572117975, 0.0)

