alpha: 0.425 delta: 0.425 beta: 0.425 gamma: 0.425 topk: 0.01
topk: 0.01 recommendataion user: 0.36165615510394766
topk: 0.01 recommendataion tweet: 0.00652148596715966
spearmanr user corr and p: (0.35277474536113973, 0.0)
spearmanr tweet corr and p: (-0.14880031205034727, 0.0)

