alpha: 0.425 delta: 0.425 beta: 0.425 gamma: 0.425 topk: 0.01
topk: 0.01 recommendataion user: 0.30049566294919455
topk: 0.01 recommendataion tweet: 0.033008252063015754
spearmanr user corr and p: (0.6605755245432493, 0.0)
spearmanr tweet corr and p: (0.1615041920162316, 0.0)

