alpha: 0.425 delta: 0.425 beta: 0.425 gamma: 0.425 topk: 0.01
topk: 0.01 recommendataion user: 0.3170731707317073
topk: 0.01 recommendataion tweet: 0.044638524987869965
spearmanr user corr and p: (0.6538664805538543, 0.0)
spearmanr tweet corr and p: (0.2754203927933486, 0.0)

